6.373129367828369  81.43741607666016 -43.87898254394531  -34.560 5.816 2.5
10.388415336608887 80.77406311035156 -43.57999801635742 -1.9198643063091099
18.11046600341797  76.26078033447266 -43.57999801635742 -2.44346352074618
25.433794021606445 66.28687286376953 -43.57999801635742 -2.7925287253783373
30.065513610839844 56.549530029296875 -43.57999801635742 -2.7925299997332864
32.30064392089844 45.6310920715332 -43.87999725341797 3.1415875275903424
26.503353118896484 38.19984436035156 -43.37999725341797 1.570788874734645
3.264113664627075 37.569061279296875 -43.57999801635742 1.3962555384758204
-16.862957000732422 45.41843795776367 -46.57999801635742 0.34905665669141817
-15.493884086608887 63.18687438964844 -52.07999801635742 -0.3490753944893543
-6.320737361907959 78.21236419677734 -55.779998779296875 -1.221743016595235
5.143640041351318 82.38504791259766 -55.779998779296875 -1.2217430165952359
14.558510780334473 84.4320297241211 -55.18000030517578 -1.5708069136005616
23.858510971069336 82.83203125 -32.07999801635742 -1.5708069136005616
38.25851058959961 78.13202667236328 -31.3799991607666 -2.4434726314635578
51.058509826660156 52.13203048706055 -25.8799991607666 3.141580136614391
44.95851135253906 38.932029724121094 -25.8799991607666 2.4434468930211595
25.958515167236328 26.33203125 -19.8799991607666 1.5707806139998945
11.658514976501465 26.33203125 -12.779999732971191 1.5707806139998945
-10.141484260559082 22.632030487060547 -6.37999963760376 1.9198468136337523
-24.641483306884766 9.132031440734863 2.119999885559082 2.0943803532305947
-27.896,            6.891    2.4   2.0943803532305947